470
7884
8700
4227
2818
2729
5985
608
3453
4804
165
13685
3671
3021
17364
2624
1798
846
9562
9495
11100
1860
6729
3038
14
3517
23
11115
3378
10539
4609
2437
12180
2304
760
8236
2156
935
9031
317
3858
8913
334
675
1637
5349
11547
11217
15006
14200
10712
2114
13970
1495
10560
14438
1003
2447
52
1073
12196
5145
1103
10519
9651
11339
250
1112
4914
1219
11310
2966
13055
1636
11174
421
2975
8910
4923
2999
473
6376
3
1334
15234
4389
2659
104
8098
6848
14116
590
5287
6130
153
18110
5953
1614
10767
16506
446
5877
10431
10016
10867
9105
8701
5414
9527
8320
8198
3723
9186
1534
2121
6945
5431
79
5077
4212
3382
9056
8828
1456
7979
522
3850
160
2538
17355
534
9402
3175
9139
3419
3402
4356
3805
12760
3988
1765
4649
16902
1574
14929
520
2582
341
4997
3637
2518
8784
3155
18724
69
968
2402
2398
3434
323
208
887
14025
534
8153
2274
4252
19669
11117
11646
6098
6975
10486
8259
6888
2309
6225
7899
283
6443
11744
626
13128
4102
6849
19883
9151
11724
605
3406
84
10423
7502
2997
1908
349
2999
1267
17307
8450
2077
1989
5
5605
3570
11306
14060
16056
11801
3621
1818
389
13075
68
7095
12632
2834
10549
657
472
5705
883
14023
4975
3938
598
5282
1733
5013
4406
1050
2526
13853
2384
15856
224
4886
8372
178
5857
128
2984
2494
12805
12964
8004
15612
3904
4088
8937
1658
6896
5064
1271
15698
1044
12690
3298
4182
17130
1947
17295
11888
3741
3034
6693
12901
5834
14455
7920
245
13783
853
6032
3828
9367
838
15036
13485
7456
6895
2193
2794
3119
9387
1699
3431
13712
2613
2407
2656
13775
10531
